1|0|2|6|1|u|0|_|a|2|6|1 TANYA
1|0|2|8|0|u|0|_|a|2|8|0 kryar
1|0|3|9|6|u|0|_|a|3|9|6 kryar
1|0|2|8|2|u|0|_|a|2|8|2 Kryar
1|0|2|3|1|u|0|_|a|2|3|1 ARAM
1|0|4|0|8|u|0|_|a|4|0|8 wsha
1|0|8|3|2|u|0|_|a|8|3|2 kryar
1|0|4|4|4|u|0|_|a|4|4|4 sha7lwn
1|0|5|5|3|u|0|_|a|5|5|3
1|0|2|7|8|u|0|_|a|2|7|8
1|0|5|9|2|u|0|_|a|5|9|2
1|0|4|8|8|u|0|_|a|4|8|8
1|0|3|4|5|u|0|_|a|3|4|5
1|1|4|7|6|u|0|_|a|1|4|7|6
1|0|1|2|5|u|0|_|a|1|2|5
5|0|1|m|o|b|i|l|e
1|1|4|2|7|u|0|_|a|1|4
1|0|2|4|4|u|0|_|a|2|4|4
1|0|2|2|4|u|0|_|a|2|2|4
1|0|4|3|4|u|0|_|a|4|3
1|0|2|7|7|u|0|_|a|2|7
1|0|2|4|7|u|0|_|a|2|4|7
1|0|4|2|2|u|0|_|a|4|2|2
1|0|2|5|9|u|0|_|a|2|5|9
1|0|2|4|3|u|0|_|a|2|4|3
1|0|3|2|9|u|0|_|a|3|2|9
1|0|5|7|1|u|0|_|a|5|7|1
1|0|6|5|4|u|0|_|a|6|5|4
1|0|2|5|5|u|0|_|a|2|5|5
1|0|5|1|2|u|0|_|a|5|1|2
1|1|4|2|7|u|0|_|a|1|4|2|7
1|0|7|0|3|u|0|_|a|7|0|3
1|0|2|4|5|u|0|_|a|2|4|5
1|0|2|6|6|u|0|_|a|2|6|6
1|0|5|6|4|u|0|_|a|5|6|4
1|0|3|5|9|u|0|_|a|3|5|9
1|0|2|5|7|u|0|_|a|2|5|7
1|1|6|2|1|u|0|_|a|1|6|2|1
1|0|2|7|8|u|0|_|a|2|7|8
1|0|2|6|5|u|0|_|a|2|6|5
1|0|2|5|7|u|0|_|a|2|5|7
1|0|0|1|1|u|0|_|a|1|1
1|0|4|3|4|u|0|_|a|4|3
1|0|4|5|1|u|0|_|a|4|5|1
1|0|6|9|9|u|0|_|a|6|9|9
1|0|7|7|4|u|0|_|a|7|7|4
1|1|1|4|9|u|0|_|a|1|1|4|9
1|0|3|7|7|u|0|_|a|3|7|7
1|0|3|0|9|u|0|_|a|3|0|9
1|0|2|0|1|u|0|_|a|2|0|1
1|1|2|6|3|u|0|_|a|1|2|6|3
1|0|2|8|8|u|0|_|a|2|8|8
1|0|3|2|3|u|0|_|a|3|2|3
1|0|2|0|2|u|0|_|a|2|0|2
1|0|4|3|4|u|0|_|a|4|3
